var LHRpt = 
    /* color: #0b4a8b */
    /* shown: false */
    ee.Geometry.Point([-87.54931640625001, 17.288698817766903]),
    imageVisParam = {"opacity":1,"bands":["B4","B3","B2"],"max":0.4,"gamma":1.2000000000000002},
    sunglint = 
    /* color: #0b4a8b */
    /* shown: false */
    /* displayProperties: [
      {
        "type": "rectangle"
      }
    ] */
    ee.Geometry.Polygon(
        [[[-87.61693327416448, 17.289084027231908],
          [-87.61693327416448, 17.254004958329663],
          [-87.58672087182073, 17.254004958329663],
          [-87.58672087182073, 17.289084027231908]]], null, false),
    NEMO = ee.FeatureCollection("projects/ee-gorejm13/assets/NEMOshpfile7"),
    LHRbox = 
    /* color: #7e8ad6 */
    /* shown: false */
    ee.Geometry.Polygon(
        [[[-87.5795370603529, 17.36918407241712],
          [-87.57838222839014, 17.364967563101615],
          [-87.57842910604946, 17.35837532317533],
          [-87.57933420931813, 17.351864938827966],
          [-87.58220969717523, 17.343958908036708],
          [-87.58414074721485, 17.33646240301595],
          [-87.58190914219549, 17.32171408107878],
          [-87.5813083445609, 17.308767062817566],
          [-87.58096500106416, 17.297786515695588],
          [-87.57963454768269, 17.291312320596536],
          [-87.57693094266241, 17.28483810534916],
          [-87.5738838782675, 17.27844545176156],
          [-87.57158790807586, 17.27217556540751],
          [-87.57143775882741, 17.267135015382646],
          [-87.5714377366013, 17.261335808848397],
          [-87.57075110958003, 17.256110362902614],
          [-87.57015031552521, 17.251130850228442],
          [-87.57126609705041, 17.243692195221396],
          [-87.57448482848896, 17.238281912535673],
          [-87.57778925030586, 17.234592955878984],
          [-87.58279418639684, 17.229797270701056],
          [-87.5892580552731, 17.225739209710202],
          [-87.59372125600987, 17.225329444964476],
          [-87.59775532098936, 17.224837611540806],
          [-87.60548011585752, 17.225247324296348],
          [-87.6093426533072, 17.218729655045415],
          [-87.61277575187944, 17.210490100125355],
          [-87.62221716170862, 17.18777807155871],
          [-87.6276411547869, 17.175559649429463],
          [-87.63194869681502, 17.163587108665748],
          [-87.63212038187405, 17.155057837358548],
          [-87.63194869789159, 17.146692567205868],
          [-87.6209623307651, 17.128730172412492],
          [-87.61418167606443, 17.127253733558863],
          [-87.61095242312122, 17.1291300404949],
          [-87.60909639951748, 17.131990598951216],
          [-87.60521256633777, 17.133528505637937],
          [-87.6010495253196, 17.1387368326506],
          [-87.59745857346545, 17.1515786528894],
          [-87.59412455685836, 17.163600165389205],
          [-87.59425335760726, 17.173112682887428],
          [-87.59378123304431, 17.184839175229357],
          [-87.58717224760575, 17.195908734977966],
          [-87.58217303426449, 17.201974532488425],
          [-87.57753815929179, 17.204762228327372],
          [-87.57324659237838, 17.206361091331157],
          [-87.56895503209802, 17.206340578910474],
          [-87.56500683734083, 17.208123802184492],
          [-87.55719619406099, 17.209435648365844],
          [-87.55479294877209, 17.209763573263718],
          [-87.55063011763258, 17.209353637073978],
          [-87.547926471613, 17.208123799569808],
          [-87.5438494697672, 17.206402016150925],
          [-87.54048063709789, 17.203860331947897],
          [-87.53659675101188, 17.202497223895822],
          [-87.53393601935329, 17.202384482565588],
          [-87.53166149636124, 17.202814925969076],
          [-87.52925823485018, 17.203460600837822],
          [-87.52852865927757, 17.20381931593019],
          [-87.52820142829887, 17.204434247878677],
          [-87.52798148353502, 17.20527465254805],
          [-87.52767033533476, 17.207139938136013],
          [-87.52741277411018, 17.211977051142764],
          [-87.52835686176311, 17.21747005816023],
          [-87.52891483750219, 17.222963021461407],
          [-87.52852864790411, 17.22739019629506],
          [-87.5284428121765, 17.244851187194243],
          [-87.53047384088079, 17.25038415452024],
          [-87.5308885583341, 17.255035918203845],
          [-87.52924330132814, 17.258867960656236],
          [-87.52636807835648, 17.264318603245655],
          [-87.52402915517793, 17.266675062074956],
          [-87.52254847821271, 17.270178977655252],
          [-87.52074605064655, 17.274604790494514],
          [-87.52066019326627, 17.278702762431656],
          [-87.52006284390922, 17.283074478861433],
          [-87.52101045519014, 17.28728228446768],
          [-87.5189969482816, 17.291203314126097],
          [-87.51876261311011, 17.295704300996686],
          [-87.51629657606783, 17.301270582428124],
          [-87.51423677463573, 17.308768503309505],
          [-87.5124343044762, 17.314238228296738],
          [-87.51037423848275, 17.319462022469228],
          [-87.50706981488402, 17.32491090743696],
          [-87.50419440970161, 17.328557071587998],
          [-87.50181283325352, 17.331790930572275],
          [-87.49737117561814, 17.336335667151097],
          [-87.49327267253042, 17.341044155955608],
          [-87.49011811514625, 17.344851301251566],
          [-87.48827286652815, 17.352101681562452],
          [-87.48548324749964, 17.360089286830476],
          [-87.48123492635955, 17.37004228827205],
          [-87.4783380712702, 17.376083610099816],
          [-87.47415355639549, 17.381387572416124],
          [-87.46781338458973, 17.390571118381033],
          [-87.46412805576723, 17.39479415455421],
          [-87.4611292061725, 17.39967237805077],
          [-87.45807791484681, 17.409280852677114],
          [-87.4562279669255, 17.4210186638831],
          [-87.45386308307405, 17.432224282563684],
          [-87.45372942243596, 17.442365364488996],
          [-87.45887876225851, 17.453583047395426],
          [-87.46497329589425, 17.46414532495003],
          [-87.47398555378037, 17.471595763015443],
          [-87.48088410574775, 17.471229959616473],
          [-87.4872675588237, 17.471109467562446],
          [-87.49342669449877, 17.467415173347867],
          [-87.4988989550407, 17.463475012719126],
          [-87.50359833437518, 17.459166436699487],
          [-87.51070066899311, 17.455021325412705],
          [-87.5154637224608, 17.454468580105456],
          [-87.52228661155763, 17.45006727266692],
          [-87.52606891832133, 17.447670916527322],
          [-87.52984827150901, 17.443688686770717],
          [-87.53397077906295, 17.43987014638622],
          [-87.53689416313337, 17.43358407930783],
          [-87.54161976329762, 17.428444289347883],
          [-87.54536298348381, 17.425821389371826],
          [-87.54962109552778, 17.422133706101985],
          [-87.55573803227594, 17.41336974409501],
          [-87.55871038796364, 17.405670983567216],
          [-87.56357059010818, 17.394859774831808],
          [-87.5693851364383, 17.386219030103938],
          [-87.57602576135517, 17.379973721962923],
          [-87.57914695467348, 17.37340058100923]]]),
    LHRbigBox = 
    /* color: #2be7ff */
    /* shown: false */
    /* displayProperties: [
      {
        "type": "rectangle"
      }
    ] */
    ee.Geometry.Polygon(
        [[[-87.69415490169901, 17.50755771928075],
          [-87.69415490169901, 17.118170020502056],
          [-87.42361657162088, 17.118170020502056],
          [-87.42361657162088, 17.50755771928075]]], null, false),
    LandMask = 
    /* color: #d63000 */
    /* shown: false */
    /* displayProperties: [
      {
        "type": "polygon"
      },
      {
        "type": "polygon"
      },
      {
        "type": "polygon"
      },
      {
        "type": "polygon"
      },
      {
        "type": "polygon"
      },
      {
        "type": "polygon"
      },
      {
        "type": "rectangle"
      }
    ] */
    ee.FeatureCollection(
        [ee.Feature(
            ee.Geometry.Polygon(
                [[[-87.50401959086804, 17.455658489932098],
                  [-87.50578895972619, 17.4548183831325],
                  [-87.50694767434608, 17.453815368345182],
                  [-87.50746265862158, 17.453017046195207],
                  [-87.5082995080692, 17.451932141682143],
                  [-87.50913635751684, 17.45131804192553],
                  [-87.51035944517103, 17.450765350375423],
                  [-87.51143232907823, 17.450478768911825],
                  [-87.5123120938821, 17.449967015177556],
                  [-87.51344935082366, 17.449475730240902],
                  [-87.51460806544328, 17.44828845284416],
                  [-87.51505867668419, 17.44746963634098],
                  [-87.51589016307828, 17.447183048927904],
                  [-87.51615301826928, 17.446062286883343],
                  [-87.51631395023972, 17.445080707642084],
                  [-87.51595453393773, 17.44486627334839],
                  [-87.51601354336107, 17.44416054050645],
                  [-87.51651779879734, 17.443710181688214],
                  [-87.51690403700381, 17.443280292687753],
                  [-87.51748875917637, 17.443244468416363],
                  [-87.5179179122959, 17.442819696205387],
                  [-87.51757458944549, 17.441842204261096],
                  [-87.51704351191141, 17.441294601772192],
                  [-87.5167270111588, 17.44118201040246],
                  [-87.51622812014206, 17.441294601772285],
                  [-87.51547710141159, 17.441225514363953],
                  [-87.51497284543373, 17.44145325668263],
                  [-87.51383558902933, 17.4411308324845],
                  [-87.51225844501641, 17.44081353391197],
                  [-87.51081005641143, 17.44000491464822],
                  [-87.50982299645912, 17.439938388308622],
                  [-87.5087393801307, 17.43945219630632],
                  [-87.50778987949536, 17.438735694748935],
                  [-87.5067974705992, 17.438121545639184],
                  [-87.50607863708773, 17.43774282345726],
                  [-87.50531689080759, 17.43748692778837],
                  [-87.50398651476296, 17.437282211881595],
                  [-87.5036791872452, 17.437307801869014],
                  [-87.50356843857251, 17.437699320749037],
                  [-87.50346746646974, 17.43783366543423],
                  [-87.50332894333158, 17.437865652360887],
                  [-87.50311090591696, 17.43776073542155],
                  [-87.50298674609391, 17.437458779765393],
                  [-87.50277866012524, 17.437323155081252],
                  [-87.50219930050747, 17.436524760704515],
                  [-87.50192571550538, 17.43650940718536],
                  [-87.50165213042654, 17.43657594001603],
                  [-87.50164944891962, 17.43625351060213],
                  [-87.50155557247143, 17.43595155288789],
                  [-87.50089038444915, 17.435705891704597],
                  [-87.49705482443224, 17.43551396866513],
                  [-87.49689925718238, 17.4357391585668],
                  [-87.49658275710611, 17.43583384083615],
                  [-87.49630648998077, 17.436007850944005],
                  [-87.49606509154744, 17.43597970237964],
                  [-87.49523628626245, 17.43653243792569],
                  [-87.49576929806906, 17.436879249670728],
                  [-87.49542962505167, 17.43729063851352],
                  [-87.49498266221478, 17.437661082994445],
                  [-87.49434891072656, 17.438258672129436],
                  [-87.49450678459282, 17.438693090058266],
                  [-87.49450525535524, 17.438997302592057],
                  [-87.49432133563177, 17.439229865162144],
                  [-87.49395119597786, 17.439890064523855],
                  [-87.4934630360927, 17.440519556009622],
                  [-87.49255376525025, 17.44138702336177],
                  [-87.49227749175964, 17.44174271020878],
                  [-87.49195562781587, 17.44250525645333],
                  [-87.49156402395062, 17.44313985748191],
                  [-87.49088811006587, 17.44566286667506],
                  [-87.49115632811257, 17.44818587566077],
                  [-87.49376343599722, 17.451716981573576],
                  [-87.49458762647757, 17.453010782561286],
                  [-87.49489876222651, 17.453972859031587],
                  [-87.49514016149239, 17.45457671580434],
                  [-87.4953252340044, 17.45493493709071],
                  [-87.49569403710736, 17.455412134366117],
                  [-87.49601992634395, 17.455710222338347],
                  [-87.49638738912064, 17.45596609188457],
                  [-87.49677630956944, 17.455856067661916],
                  [-87.49725642921844, 17.455293158629615],
                  [-87.49796185295966, 17.45540574316227],
                  [-87.49895695235386, 17.454679071629677],
                  [-87.50004324108396, 17.4543106126345],
                  [-87.50086667912312, 17.454218500848697],
                  [-87.50175449089949, 17.454464135215172],
                  [-87.50237676206754, 17.455006579900047],
                  [-87.50285956123045, 17.455523437795694]]]),
            {
              "val": 1,
              "system:index": "0"
            }),
        ee.Feature(
            ee.Geometry.Polygon(
                [[[-87.48890127598813, 17.462591059916015],
                  [-87.48821999489834, 17.462683169286276],
                  [-87.48791422307065, 17.462928794045904],
                  [-87.48703445851376, 17.463230707359173],
                  [-87.48628880603141, 17.463499358907647],
                  [-87.48568262517026, 17.464141561440897],
                  [-87.48561288776648, 17.46429507566828],
                  [-87.48560752331784, 17.464438355607133],
                  [-87.4857148117285, 17.46451767132565],
                  [-87.48586501550146, 17.46446394144267],
                  [-87.48610641419461, 17.464310427146486],
                  [-87.48700495371266, 17.46424902341773],
                  [-87.48782302796414, 17.464433238470413],
                  [-87.4889871061029, 17.464837493943524],
                  [-87.4894001664852, 17.464904015924944],
                  [-87.48981322705319, 17.46491936581481],
                  [-87.49000500518841, 17.464859238938327],
                  [-87.49012168128263, 17.46469676943259],
                  [-87.49012972771695, 17.463988045069986],
                  [-87.49009485878213, 17.46350447426884],
                  [-87.48995270192196, 17.46309254370163]]]),
            {
              "val": 1,
              "system:index": "1"
            }),
        ee.Feature(
            ee.Geometry.Polygon(
                [[[-87.54007684838793, 17.205574946093602],
                  [-87.53932582986376, 17.204734549457363],
                  [-87.53816711556932, 17.20416061785385],
                  [-87.53670799386522, 17.203668675062577],
                  [-87.5358926023247, 17.2032997171109],
                  [-87.53502356673222, 17.203028123416118],
                  [-87.53473388803026, 17.203381707830403],
                  [-87.53415453088304, 17.204181115441774],
                  [-87.53355371606371, 17.204550071636078],
                  [-87.53218042504808, 17.205636438380527],
                  [-87.53020631921312, 17.2053494742],
                  [-87.52950358045122, 17.205164996991783],
                  [-87.5293533767238, 17.205467334132702],
                  [-87.5296269620659, 17.20606688381684],
                  [-87.53166544091722, 17.207132744396834],
                  [-87.53443348062059, 17.205841412522716],
                  [-87.53610717904589, 17.20596439689902],
                  [-87.53812420022508, 17.206907274401598],
                  [-87.5396584237816, 17.20748119748536],
                  [-87.5401251281502, 17.207517067618976],
                  [-87.54033434058559, 17.207209607111],
                  [-87.54034506905882, 17.20655881756592]]]),
            {
              "val": 1,
              "system:index": "2"
            }),
        ee.Feature(
            ee.Geometry.Polygon(
                [[[-87.6028235988342, 17.19399967293556],
                  [-87.60245881840818, 17.194460893432186],
                  [-87.60114990040891, 17.19567031061147],
                  [-87.60044179722897, 17.195895794296565],
                  [-87.6002486781799, 17.196756729477194],
                  [-87.59874664113156, 17.197679155584986],
                  [-87.59805999562377, 17.198560580682436],
                  [-87.59805999562377, 17.199544492112857],
                  [-87.597201688739, 17.20020043016089],
                  [-87.59657941624754, 17.200528398313203],
                  [-87.59512029454343, 17.201691655667194],
                  [-87.59496204486281, 17.20187613658827],
                  [-87.5946857777917, 17.20207086628351],
                  [-87.59435854863412, 17.202198977917057],
                  [-87.59347878262632, 17.202588434980015],
                  [-87.59155832097166, 17.203577449411636],
                  [-87.59001336857908, 17.204791931405182],
                  [-87.58914433285825, 17.205447850854593],
                  [-87.58857570632404, 17.20609864346437],
                  [-87.58797488972776, 17.206698190864167],
                  [-87.58563600346677, 17.210326178797313],
                  [-87.5849922733032, 17.21258082471288],
                  [-87.58524976536863, 17.21458948610476],
                  [-87.58619390294187, 17.215511823312227],
                  [-87.58750282094114, 17.215798771727428],
                  [-87.58937549099929, 17.217468281299016],
                  [-87.58946132168776, 17.21941540191433],
                  [-87.59143542752273, 17.221342006338347],
                  [-87.59313058362014, 17.22232579659748],
                  [-87.59519052014357, 17.222387283314813],
                  [-87.59658526883132, 17.22154696307413],
                  [-87.59647798047072, 17.22027622764909],
                  [-87.59592008099563, 17.218992389452236],
                  [-87.59664964184768, 17.215754001711513],
                  [-87.59682130322463, 17.21265903384355],
                  [-87.59804439053542, 17.2102404136302],
                  [-87.59857741411986, 17.207501516654776],
                  [-87.59952995409986, 17.204078449425513],
                  [-87.60051700701734, 17.202254154197302],
                  [-87.60107490649244, 17.200368346968926],
                  [-87.60191175570509, 17.198871986257277],
                  [-87.60353166031301, 17.19820395047595],
                  [-87.60459262647184, 17.19701504822949],
                  [-87.6050593348614, 17.196379592815642],
                  [-87.60539729383268, 17.19545715818177],
                  [-87.60573525021896, 17.194565470240107],
                  [-87.60583717145475, 17.19344829568025],
                  [-87.60590154351506, 17.19218761301167],
                  [-87.60553676404508, 17.191090921514533],
                  [-87.60467845536478, 17.190660442886376],
                  [-87.60373431958708, 17.19035295473877],
                  [-87.6007302454904, 17.19174688951318],
                  [-87.60055532124649, 17.192772871385923],
                  [-87.60084173757622, 17.193860348567274],
                  [-87.60192386228192, 17.19373015030233],
                  [-87.60256684920756, 17.193531807556642]]]),
            {
              "val": 1,
              "system:index": "3"
            }),
        ee.Feature(
            ee.Geometry.Polygon(
                [[[-87.52872897598279, 17.20502646131054],
                  [-87.52903474781048, 17.204483276944956],
                  [-87.52919031593335, 17.204268052509995],
                  [-87.52952827426923, 17.204273176904206],
                  [-87.52963019821179, 17.204626759762526],
                  [-87.52993060562146, 17.20456014275393],
                  [-87.5299735209657, 17.20397083740254],
                  [-87.52966238471997, 17.203678746228395],
                  [-87.52904011222851, 17.203683870638937],
                  [-87.5284983060075, 17.203940090984872],
                  [-87.52820326301587, 17.204503774497145],
                  [-87.52821399185193, 17.20537491836588],
                  [-87.5284983060075, 17.205359545274337]]]),
            {
              "val": 1,
              "system:index": "4"
            }),
        ee.Feature(
            ee.Geometry.Polygon(
                [[[-87.6209662013259, 17.174930547575734],
                  [-87.62009180118704, 17.174930547575734],
                  [-87.62011325885916, 17.17553019571445],
                  [-87.62095010807181, 17.175540446093137]]]),
            {
              "val": 1,
              "system:index": "5"
            }),
        ee.Feature(
            ee.Geometry.Polygon(
                [[[-87.5364106772498, 17.317383264730974],
                  [-87.5364106772498, 17.314494856004067],
                  [-87.53318129759587, 17.314494856004067],
                  [-87.53318129759587, 17.317383264730974]]], null, false),
            {
              "val": 1,
              "system:index": "6"
            })]),
    LHRboxNew = 
    /* color: #23c0d6 */
    /* shown: false */
    ee.Geometry.Polygon(
        [[[-87.57588908065827, 17.370699739376782],
          [-87.57520437094523, 17.368878214535187],
          [-87.57494882444482, 17.366892854489947],
          [-87.57551069005582, 17.361488529643506],
          [-87.57527660128025, 17.357332238689064],
          [-87.57551457244583, 17.35305306142506],
          [-87.5778750598961, 17.34621214073336],
          [-87.58040692433428, 17.339043451188385],
          [-87.58053557964712, 17.33187426552339],
          [-87.57920528809045, 17.32286143768755],
          [-87.57899067539847, 17.316080708338788],
          [-87.5786903212915, 17.309299926910455],
          [-87.57916236942259, 17.30122856368566],
          [-87.57879754828807, 17.29839104000763],
          [-87.57843274370222, 17.29555351490349],
          [-87.57793920508577, 17.293924744204936],
          [-87.5773598475559, 17.29225499570585],
          [-87.57491373520514, 17.286641331172056],
          [-87.57300393222327, 17.283178689509654],
          [-87.57135168736022, 17.27979797990351],
          [-87.57018222697789, 17.27709335220792],
          [-87.56901280233805, 17.274347734749384],
          [-87.5684764150288, 17.268405667229082],
          [-87.56813307748608, 17.265772468723668],
          [-87.56796140867675, 17.26313926989024],
          [-87.56755371864794, 17.26034214836696],
          [-87.56723186646781, 17.257504043230163],
          [-87.56703875006797, 17.255890319418185],
          [-87.56710312683124, 17.254358562978894],
          [-87.56718897202508, 17.252401615887546],
          [-87.56727478588311, 17.248784776323205],
          [-87.56765030207343, 17.24765514055596],
          [-87.5678970671086, 17.246361560725287],
          [-87.56890556813126, 17.243446520769044],
          [-87.57414132004527, 17.238077219742426],
          [-87.57729553894345, 17.233773432907185],
          [-87.58129196183329, 17.229551580839512],
          [-87.58239959541872, 17.228096416119527],
          [-87.5837647022715, 17.22668223455714],
          [-87.58640402719912, 17.225073413001304],
          [-87.58930079674434, 17.223587527441275],
          [-87.59342065868171, 17.22344412128272],
          [-87.59657495832465, 17.223628633405525],
          [-87.59876366225856, 17.223177653322637],
          [-87.60230418787087, 17.222706143894104],
          [-87.60616672447864, 17.21782807971813],
          [-87.60893472962371, 17.214671650569695],
          [-87.6102972500466, 17.212601501472957],
          [-87.61089267369931, 17.210869526820854],
          [-87.61011750055121, 17.210003539721274],
          [-87.61028646781432, 17.209137552168524],
          [-87.6143314952161, 17.19939053020824],
          [-87.61538826554332, 17.19504994458271],
          [-87.61695997031313, 17.190627362204477],
          [-87.61842978158182, 17.18732714256171],
          [-87.62037160576207, 17.184559893971976],
          [-87.62107317251305, 17.182120275786787],
          [-87.62201075089058, 17.179721652129153],
          [-87.62429353324598, 17.17551889925086],
          [-87.62603966587889, 17.168856078525028],
          [-87.628000272767, 17.162049703697747],
          [-87.6283865418948, 17.15683163040809],
          [-87.62860112301081, 17.15424309581949],
          [-87.62896589655067, 17.15169556663239],
          [-87.6279144395407, 17.14841506251105],
          [-87.62604762415705, 17.145729145329515],
          [-87.62498540181548, 17.142540660262103],
          [-87.624180699521, 17.13939318293326],
          [-87.62172381116828, 17.13743499532573],
          [-87.61956738342471, 17.135107691991355],
          [-87.61317296884515, 17.131314174405254],
          [-87.61069473716768, 17.13204213041439],
          [-87.6095253612842, 17.134164451149672],
          [-87.60611359864698, 17.136194462308907],
          [-87.60529810176328, 17.138306477190472],
          [-87.60323802261085, 17.140623539287805],
          [-87.60236525599154, 17.144009851010612],
          [-87.6012349434398, 17.149118486150662],
          [-87.599675204495, 17.15746666044791],
          [-87.59867338828074, 17.16327239174214],
          [-87.59875926174149, 17.167577634490584],
          [-87.59854469324324, 17.170140279329917],
          [-87.59811554247275, 17.17317444357759],
          [-87.59783657461637, 17.176700560238835],
          [-87.59761125324881, 17.17978590276885],
          [-87.59708551255008, 17.181989716627047],
          [-87.59627013370913, 17.18496243083511],
          [-87.59457503234289, 17.188242309373187],
          [-87.59303007673516, 17.191829647800574],
          [-87.5898971840956, 17.196421451697894],
          [-87.58668951015933, 17.199966795910548],
          [-87.58335301916956, 17.202958679387272],
          [-87.5810034097336, 17.20431153995503],
          [-87.5786537721885, 17.205459395690475],
          [-87.57703372200142, 17.206228072112648],
          [-87.57552095014672, 17.206873752018886],
          [-87.5743300361523, 17.207334956046292],
          [-87.57307474564318, 17.20783714696077],
          [-87.57186238244748, 17.20808824062865],
          [-87.57097188322273, 17.208195849582705],
          [-87.56910505143713, 17.20822657810447],
          [-87.567581569103, 17.208257313416084],
          [-87.56566110802338, 17.208754360027577],
          [-87.56464723425945, 17.20859293705445],
          [-87.56393377000857, 17.208165048410848],
          [-87.56095114764709, 17.20820609037567],
          [-87.55874099765094, 17.208882489678],
          [-87.55801142280035, 17.209753606279893],
          [-87.55741058901309, 17.21068621341293],
          [-87.55509317479874, 17.211085874871607],
          [-87.55388616504894, 17.211047451142818],
          [-87.55203543100716, 17.210957781833027],
          [-87.5492351890214, 17.21073743225958],
          [-87.54732546151494, 17.210711820453945],
          [-87.545630321264, 17.209671579975183],
          [-87.54420335423255, 17.20873385246542],
          [-87.54198247368785, 17.20747837595341],
          [-87.5394612196039, 17.20515193046715],
          [-87.53578118230902, 17.203583855730088],
          [-87.5352286573862, 17.203414749055046],
          [-87.53476196278983, 17.203676091580736],
          [-87.53301315314904, 17.20533638322762],
          [-87.53236405699306, 17.205736084778394],
          [-87.53173642010354, 17.205859064836716],
          [-87.53124287910852, 17.205756584119577],
          [-87.53110072168937, 17.205838575535648],
          [-87.53101220776207, 17.205920567364583],
          [-87.53101756849703, 17.20608455282376],
          [-87.53108461667902, 17.206284406979425],
          [-87.53109802071417, 17.206463763709454],
          [-87.53107120164722, 17.20749889216844],
          [-87.53095851495222, 17.20991231853363],
          [-87.53103894602421, 17.21160836061972],
          [-87.53129638796966, 17.215420684905318],
          [-87.53228351712275, 17.21992990990238],
          [-87.53283070207604, 17.223526960734855],
          [-87.5330989575224, 17.227083018524546],
          [-87.5330882360625, 17.232954692319744],
          [-87.53271271432689, 17.23886735442845],
          [-87.53313441679883, 17.244728389707312],
          [-87.53427869510682, 17.249298324639593],
          [-87.53435005265442, 17.25255670394694],
          [-87.53400683620315, 17.255630488586],
          [-87.532998289509, 17.258560822462982],
          [-87.53220431398422, 17.260446051164745],
          [-87.53141032429488, 17.262249311999827],
          [-87.53100264379367, 17.264103730444283],
          [-87.529457692385, 17.26620402860143],
          [-87.52795562955411, 17.268376092310433],
          [-87.52671280775415, 17.27074650467924],
          [-87.52628539648325, 17.272420212919737],
          [-87.52602964471035, 17.27423738516458],
          [-87.5254305627033, 17.27564476005202],
          [-87.5245757707819, 17.28161494762529],
          [-87.52386936684766, 17.28455903578618],
          [-87.52406408217617, 17.287216327229846],
          [-87.52404269330493, 17.288629964317238],
          [-87.52384964140997, 17.290043601347637],
          [-87.52281964808839, 17.292891470037816],
          [-87.52226161997727, 17.296558838641314],
          [-87.52099568806446, 17.30125033002317],
          [-87.51930051990085, 17.306064728323044],
          [-87.51739081591407, 17.311350056849488],
          [-87.51609259381938, 17.314484360888123],
          [-87.51462267054718, 17.31761863997273],
          [-87.51125404143792, 17.32392535909376],
          [-87.50561075482025, 17.33228023201724],
          [-87.50117980330123, 17.336334622384015],
          [-87.49945777753572, 17.33881240399828],
          [-87.49739237872578, 17.341208237329894],
          [-87.49436656815206, 17.345465980282817],
          [-87.4914913514531, 17.352634410388593],
          [-87.4888304791076, 17.361195434979326],
          [-87.48445341285465, 17.370493044651624],
          [-87.48240420057463, 17.37388231269319],
          [-87.48129906628752, 17.3774353979554],
          [-87.4773720444708, 17.381920209581406],
          [-87.47381576948231, 17.386982932791742],
          [-87.47263841815656, 17.38949382288161],
          [-87.47094604331426, 17.392004702723035],
          [-87.46867423984115, 17.393092389524877],
          [-87.46760403820547, 17.395285797099195],
          [-87.46516308888243, 17.400164006395894],
          [-87.46163972931166, 17.41014099693959],
          [-87.45906022071811, 17.421264549381124],
          [-87.45678116816765, 17.432797704448703],
          [-87.45613252330209, 17.44175143237567],
          [-87.4584710826943, 17.44742172889188],
          [-87.4611960313038, 17.452314114507256],
          [-87.46426467205198, 17.458168466073296],
          [-87.4656059386788, 17.46027684905077],
          [-87.4672047318594, 17.462098650857932],
          [-87.470680824165, 17.46557833905483],
          [-87.47246183644253, 17.467932199166963],
          [-87.47501535836065, 17.468402961214],
          [-87.4811414327611, 17.468937747206837],
          [-87.48640908569034, 17.469144742208165],
          [-87.49072286054255, 17.46655570069225],
          [-87.49320153027381, 17.46276391224651],
          [-87.49786881793698, 17.462247084551063],
          [-87.50213904346164, 17.45810223493359],
          [-87.5041507031121, 17.456666820350144],
          [-87.50659148512857, 17.45555889158266],
          [-87.51044300529037, 17.453506766230525],
          [-87.51233101236153, 17.452391141052903],
          [-87.51529188841006, 17.452176161350888],
          [-87.51853173498047, 17.450221138372008],
          [-87.52040909905912, 17.448875155828045],
          [-87.52241518313211, 17.447692918010638],
          [-87.52340799341154, 17.445665003119647],
          [-87.52488999064902, 17.44355105217474],
          [-87.52675819266075, 17.441682730194803],
          [-87.53113819133162, 17.438805836415174],
          [-87.53322218474754, 17.436584033774885],
          [-87.53534903412546, 17.43370711293517],
          [-87.53730417067649, 17.430359277800818],
          [-87.54067544762246, 17.42762558735303],
          [-87.54377493735984, 17.425412135028022],
          [-87.54589090699922, 17.42428548189933],
          [-87.54676232115214, 17.422954095161813],
          [-87.54854803223995, 17.42094645620036],
          [-87.54971251209392, 17.419666527321894],
          [-87.54976118143759, 17.417240075527896],
          [-87.55204713313151, 17.412100541543232],
          [-87.55370500224495, 17.40868112336481],
          [-87.55531989545501, 17.405384539542975],
          [-87.55667446509331, 17.402302934522083],
          [-87.55837231162236, 17.399426075567714],
          [-87.55964100570395, 17.396651604203587],
          [-87.56133881021289, 17.394122835614287],
          [-87.5642246882928, 17.38972054846003],
          [-87.56801166518581, 17.3856868331941],
          [-87.57107454127318, 17.38176554180125],
          [-87.57443771268252, 17.378335692735593],
          [-87.57764473414595, 17.37368749786193]]]),
    Sand_20170523 = ee.FeatureCollection("projects/ee-gorejm13/assets/Sand_20170523"),
    Seagrass_20170523 = ee.FeatureCollection("projects/ee-gorejm13/assets/Seagrass_20170523"),
    Depth = ee.Image("projects/ee-gorejm13/assets/LH_Depth"),
    RandPts2 = ee.FeatureCollection("projects/ee-gorejm13/assets/RandomPoints_export2"),
    Deep = 
    /* color: #d63000 */
    /* shown: false */
    ee.Geometry.Polygon(
        [[[-87.47353492982786, 17.452856982550212],
          [-87.48177633420144, 17.44024616778173],
          [-87.50031410463255, 17.407653958226224],
          [-87.53327308900755, 17.35195370116865],
          [-87.54460273988646, 17.334257134207224],
          [-87.55078254945677, 17.31918093507064],
          [-87.55318580873411, 17.28902482632527],
          [-87.55760795961193, 17.285130287006805],
          [-87.55928338320345, 17.280252247573166],
          [-87.56194724268589, 17.268529125525315],
          [-87.5695050081362, 17.2396724065674],
          [-87.57435464355817, 17.24139389299403],
          [-87.57783091773769, 17.236557328260616],
          [-87.58529785481589, 17.227703726307638],
          [-87.56761673298972, 17.205403843710297],
          [-87.54701736775534, 17.20671567594551],
          [-87.54545232583956, 17.225322875976726],
          [-87.5414835313571, 17.23966700298643],
          [-87.54060421916823, 17.257289723902428],
          [-87.53913447766013, 17.263232013051955],
          [-87.53491803677417, 17.269338175245597],
          [-87.5324710306989, 17.287534743415396],
          [-87.52970216982125, 17.300075231330442],
          [-87.52658966389792, 17.30769877895023],
          [-87.50169876423972, 17.34571702185386],
          [-87.49208572713034, 17.372587234932766],
          [-87.47423294392722, 17.393556369933687],
          [-87.46805313435691, 17.426181621798936],
          [-87.46924887926559, 17.443449776870793]]]),
    RandPtsAllImg = ee.FeatureCollection("projects/ee-gorejm13/assets/RandomPoints_allImages"),
    CoralPts = ee.FeatureCollection("projects/ee-gorejm13/assets/RandomPoints_Coral"),
    Lagoon = 
    /* color: #d63000 */
    /* shown: false */
    ee.Geometry.Polygon(
        [[[-87.61528988360848, 17.144885325791932],
          [-87.61185665606942, 17.15423498009337],
          [-87.61003715722353, 17.163715056408698],
          [-87.60814888207705, 17.171505677163115],
          [-87.60703308312685, 17.175851881243823],
          [-87.60256988732607, 17.185035977290017],
          [-87.5984500142792, 17.191841754776988],
          [-87.59742004601748, 17.196515457112305],
          [-87.59501678674013, 17.1997131854682],
          [-87.59158355920107, 17.2023369213213],
          [-87.58651954858095, 17.206846380408088],
          [-87.58540374963076, 17.21602893909428],
          [-87.57656318871767, 17.2067643912238],
          [-87.56600601403505, 17.208732121618326],
          [-87.55725128381044, 17.210781818522854],
          [-87.55553467004091, 17.211027780625137],
          [-87.54738852939954, 17.21074128897188],
          [-87.54507110081067, 17.208814574099947],
          [-87.54030749760022, 17.205903966771878],
          [-87.53477141819349, 17.205903966771878],
          [-87.53095195255628, 17.207010822841564],
          [-87.53099486790052, 17.21549649935618],
          [-87.53249690494886, 17.223284941836457],
          [-87.54468148580098, 17.224057317094683],
          [-87.54244988790059, 17.23832155362148],
          [-87.5405616127541, 17.241436585155295],
          [-87.54107659688496, 17.245699174713938],
          [-87.54339402547383, 17.247420577209095],
          [-87.54141991963887, 17.251355151188875],
          [-87.54159158101582, 17.257420788353947],
          [-87.54116242757344, 17.260371566744883],
          [-87.53429597249531, 17.281189605398865],
          [-87.5347644371643, 17.292185167123883],
          [-87.51931491323852, 17.32758470316912],
          [-87.50420871206664, 17.34888669163252],
          [-87.48841586538695, 17.3803435641828],
          [-87.47940417073222, 17.392711539609884],
          [-87.47558454937449, 17.398895400157386],
          [-87.47330966421508, 17.405898293776158],
          [-87.4703915763378, 17.422440695997526],
          [-87.46987643667602, 17.43898308352622],
          [-87.47107791950559, 17.44930017062559],
          [-87.47536960073852, 17.458225189301768],
          [-87.4845534258833, 17.459248766087992],
          [-87.48944583364867, 17.46125461233029],
          [-87.50146213003539, 17.45634200905543],
          [-87.51794162222289, 17.44127586653379],
          [-87.51519500320516, 17.438573593498834],
          [-87.51519504019164, 17.4314494507354],
          [-87.51622504542568, 17.429320343035283],
          [-87.52206149526977, 17.42751873623274],
          [-87.54266086050414, 17.414088156412088],
          [-87.54815402456664, 17.412777803059715],
          [-87.55639377066039, 17.39606997417146],
          [-87.5512439293518, 17.3865687631004],
          [-87.56909671255492, 17.362977416858108],
          [-87.57424655386352, 17.35085290435047],
          [-87.57939639517211, 17.32758470316912],
          [-87.57821045991513, 17.300906725396217],
          [-87.5788970855454, 17.296071690930955],
          [-87.5768371688995, 17.290253258497586],
          [-87.57228802518077, 17.282139682211312],
          [-87.5687690841827, 17.274845615762807],
          [-87.56688080903622, 17.256649825264596],
          [-87.56928406831356, 17.239108039580533],
          [-87.58009873506161, 17.227467243132118],
          [-87.59108506318661, 17.22353216014634],
          [-87.6008268463287, 17.22299927788394],
          [-87.60340179153579, 17.221195657022527],
          [-87.60537587281796, 17.219064099770247],
          [-87.61511765596005, 17.191392514532257],
          [-87.61496742933052, 17.189188802860773],
          [-87.6131006111446, 17.187313073980842],
          [-87.61022533903879, 17.185365541067302],
          [-87.61288619233657, 17.17983055322024],
          [-87.61717772721325, 17.181675657771923],
          [-87.61843300132432, 17.179031111144926],
          [-87.61788044665603, 17.176950309883427],
          [-87.61921616198022, 17.17659155433845],
          [-87.61923752900692, 17.173188505627458],
          [-87.62161942870361, 17.171609854788993],
          [-87.62357211467115, 17.168719090249816],
          [-87.6248165237579, 17.15736104525784],
          [-87.62503109209057, 17.153383324226056],
          [-87.62438737031552, 17.142844519189957],
          [-87.6198812591705, 17.137267247006925]]]),
    CoralVector = ee.FeatureCollection("projects/ee-gorejm13/assets/CoralVector"),
    geometry = 
    /* color: #98ff00 */
    /* shown: false */
    ee.Geometry.MultiPoint(
        [[-87.59113035271392, 17.335423372668235],
         [-87.50238142082915, 17.308301884540366]]);
